5
0 14
10.54 78 116
17.30 137 134
12.46 61 85
18.50 129 108
20.24 94 87
27.32 134 54
31.00 135 121
27.37 63 114
31.90 111 142
39.35 81 130
40.93 67 64
44.41 110 72
53.52 150 66
55.89 127 147
1 10
9.79 112 140
8.07 61 92
34.63 146 121
31.25 86 52
35.50 132 101
36.95 150 138
35.98 96 84
39.36 65 108
47.44 132 148
51.61 120 93
2 9
11.01 78 98
19.35 149 59
23.85 90 136
23.96 52 149
37.49 101 144
41.59 140 108
40.06 82 69
49.64 89 133
54.00 91 60
3 9
10.25 112 99
17.20 108 58
29.43 90 116
35.47 111 126
39.19 134 73
36.92 54 85
40.48 81 133
43.78 51 69
52.53 95 123
4 8
9.64 118 134
12.51 123 57
19.36 129 95
16.95 50 123
17.49 50 127
19.71 68 56
40.88 150 115
38.47 78 83
