3
0 34
1.44 138 138
1.49 142 142
1.59 113 122
1.85 98 145
1.92 96 103
2.23 113 146
2.29 106 118
2.67 115 128
3.11 125 139
3.21 127 130
3.39 93 131
4.07 92 147
4.15 87 97
4.21 74 92
4.80 141 127
4.86 137 146
4.89 116 142
4.98 136 121
5.04 137 141
5.27 135 144
5.66 109 149
5.71 95 114
5.78 58 100
6.55 140 144
6.94 145 145
8.06 107 142
8.17 137 112
8.43 89 124
8.94 143 143
9.18 118 120
9.66 136 151
9.70 127 146
9.74 127 141
9.79 119 132
1 4
1.28 119 119
6.82 78 85
8.27 58 94
9.39 72 99
2 2
1.53 78 78
4.42 51 62
